ned_origin:
  lat: 51.245764
  lon: -2.423146
