ned_origin:
  lat: 50.8913655
  lon: -1.3898755
